0.758981 0.644828 14316
0.754326 0.642234 14317
0.752369 0.641485 14318
0.750199 0.64085 14319
0.747904 0.640028 14320
0.746097 0.638939 14321
0.745679 0.635793 14322
0.743575 0.619818 14323
0.754574 0.607531 14324
0.769344 0.594696 14325
0.791128 0.564308 14326
0.803992 0.542419 14327
0.797965 0.482592 14328
0.813625 0.436697 14329
0.824298 0.40466 14330
0.829968 0.385842 14331
0.833669 0.374332 14332
0.838424 0.364388 14333
0.866228 0.357821 14334
0.872313 0.357468 14335
0.860748 0.363228 14336
0.830061 0.368727 14337
0.842933 0.382573 14338
0.841061 0.385665 14339
0.846321 0.389508 14340
0.830897 0.387343 14341
0.814619 0.384013 14342
0.809122 0.383353 14343
0.838858 0.389108 14344
0.838085 0.392879 14346
0.831286 0.405658 14347
0.817004 0.420398 14348
0.827111 0.447024 14349
0.802764 0.489019 14351
0.794925 0.545279 14352
0.805848 0.586758 14353
0.806165 0.60319 14354
0.805827 0.613451 14355
0.792961 0.617493 14356
0.782822 0.617141 14357
0.77558 0.614925 14358
0.770215 0.612226 14359
0.763557 0.60778 14360
0.757846 0.603314 14361
0.750531 0.594946 14362
0.74074 0.58104 14363
0.734727 0.568771 14364
0.755633 0.551022 14365
0.768878 0.502149 14366
0.768215 0.46721 14367
0.755415 0.419292 14368
0.752473 0.402903 14369
0.752077 0.391201 14370
0.756302 0.366562 14371
0.775379 0.357345 14372
0.822996 0.350857 14373
0.832759 0.350068 14374
0.836028 0.354433 14375
0.837025 0.363961 14376
0.834303 0.368646 14377
0.825155 0.378628 14378
0.81898 0.388726 14379
0.806286 0.390419 14380
0.795298 0.414597 14381
0.791291 0.424461 14382
0.801874 0.437079 14383
0.804724 0.44531 14384
0.805549 0.450609 14385
0.80682 0.45749 14386
0.808515 0.465163 14387
0.808011 0.479652 14388
0.814087 0.493235 14389
0.810089 0.508763 14390
0.806494 0.518486 14391
0.809775 0.531601 14392
0.811836 0.540533 14393
0.812808 0.545547 14394
0.813674 0.548757 14395
0.814828 0.550389 14396
0.807293 0.536096 14398
0.804916 0.511155 14399
0.800238 0.493626 14400
0.794557 0.483638 14401
0.791199 0.475324 14402
0.788692 0.468345 14403
0.785382 0.456805 14404
0.778672 0.437089 14405
0.775815 0.425172 14406
0.766069 0.411094 14407
0.759096 0.402591 14408
0.75552 0.397793 14409
0.751852 0.3952 14411
0.748645 0.394223 14412
0.745976 0.394649 14413
0.732655 0.402007 14414
0.729669 0.407224 14416
0.728101 0.41162 14417
0.727112 0.414897 14418
0.724714 0.4174 14419
0.724607 0.419409 14420
0.724082 0.42072 14421
0.747234 0.424662 14422
0.755284 0.426044 14423
0.771903 0.427748 14424
0.775714 0.430995 14425
0.777905 0.435943 14426
0.78014 0.440687 14427
0.783332 0.449721 14428
0.808924 0.474479 14429
0.828541 0.49742 14430
0.840444 0.511508 14432
0.846201 0.521696 14433
0.849241 0.527687 14434
0.848983 0.531471 14435
0.844322 0.532427 14436
0.841288 0.53251 14437
0.845582 0.528349 14438
0.838544 0.519194 14439
0.833983 0.512581 14440
0.815052 0.490848 14441
0.817941 0.478054 14442
0.812346 0.433331 14443
0.809577 0.414586 14444
0.811456 0.396649 14445
0.802983 0.382497 14446
0.808224 0.371688 14447
0.812194 0.365974 14448
0.815782 0.363582 14449
0.831169 0.367725 14450
0.839448 0.370719 14451
0.841403 0.372713 14452
0.844305 0.374493 14453
0.846104 0.375453 14454
0.818074 0.382658 14455
0.811976 0.385352 14456
0.813408 0.391374 14457
0.814706 0.396716 14458
0.81261 0.405047 14459
0.80725 0.410667 14460
0.803041 0.416189 14461
0.79817 0.421878 14462
0.796171 0.425383 14463
0.776801 0.43235 14464
0.769382 0.439616 14465
0.763945 0.444998 14466
0.760218 0.448968 14467
0.770305 0.462022 14469
0.800024 0.482909 14470
0.778967 0.496264 14471
0.775208 0.504769 14472
0.773128 0.512004 14473
0.764671 0.526303 14474
0.760142 0.534343 14475
0.742931 0.579547 14476
0.758636 0.626251 14477
0.763293 0.667375 14478
0.760788 0.69245 14479
0.754048 0.70773 14480
0.739843 0.71684 14481
0.729679 0.719355 14482
0.720263 0.716134 14483
0.708641 0.683173 14484
0.718688 0.651127 14485
0.76278 0.628841 14486
0.800247 0.604431 14487
0.821289 0.562187 14488
0.788225 0.496736 14489
0.784613 0.447377 14490
0.764698 0.400296 14491
0.762761 0.372033 14492
0.76097 0.354283 14493
0.766355 0.339888 14494
0.765924 0.330571 14495
0.769456 0.324939 14496
0.774984 0.32509 14497
0.779667 0.326117 14498
0.779696 0.332012 14499
0.789329 0.334123 14500
0.809712 0.349675 14501
0.842943 0.375044 14502
0.858888 0.412192 14504
0.867482 0.432181 14505
0.86333 0.457103 14506
0.856151 0.471032 14507
0.87561 0.531029 14508
0.883096 0.571501 14509
0.872806 0.59197 14510
0.84145 0.601649 14511
0.823096 0.605484 14512
0.776271 0.602041 14513
0.760878 0.603266 14514
0.751383 0.604062 14515
0.745873 0.602179 14516
0.735927 0.597397 14517
0.730279 0.593062 14518
0.735797 0.577068 14519
0.735682 0.561397 14520
0.736814 0.548923 14521
0.743382 0.532398 14522
0.738006 0.483203 14523
0.746979 0.434049 14524
0.75717 0.398912 14525
0.760916 0.380015 14526
0.788009 0.361089 14527
0.761999 0.345125 14528
0.761073 0.338761 14529
0.764702 0.339959 14530
0.754137 0.350736 14531
0.778122 0.374248 14533
0.77531 0.387566 14534
0.776395 0.398522 14535
0.776605 0.406775 14536
0.777217 0.414636 14537
0.778807 0.422444 14538
0.778154 0.429609 14539
0.776444 0.436433 14540
0.784163 0.444526 14541
0.775736 0.454913 14542
0.787693 0.468142 14543
0.794207 0.474835 14544
0.798903 0.481685 14545
0.811599 0.508482 14546
0.824275 0.523496 14547
0.815759 0.541272 14548
0.81255 0.549805 14549
0.808819 0.555813 14550
0.806763 0.559453 14551
0.80514 0.56065 14552
0.803465 0.560338 14553
0.801677 0.558893 14554
0.80023 0.556945 14555
0.799001 0.554403 14556
0.798454 0.551012 14557
0.777911 0.532907 14558
0.771892 0.523193 14559
0.759136 0.507162 14560
0.75476 0.480845 14561
0.747796 0.46658 14562
0.742741 0.457326 14563
0.736985 0.450937 14564
0.720528 0.444483 14565
0.700895 0.44167 14566
0.690814 0.441066 14567
0.683451 0.441185 14568
0.677826 0.44116 14569
0.67273 0.442227 14570
0.669692 0.442754 14571
0.667033 0.444896 14572
0.665421 0.446671 14573
0.66548 0.448198 14575
0.666825 0.449342 14576
0.683026 0.449631 14577
0.686113 0.451469 14578
0.699468 0.448873 14579
0.706504 0.45165 14580
0.743531 0.448859 14581
0.766434 0.446833 14582
0.798823 0.456136 14583
0.808536 0.459933 14584
0.822632 0.466278 14585
0.830445 0.471264 14586
0.821248 0.479461 14587
0.823499 0.482958 14588
0.832403 0.490623 14589
0.836643 0.49435 14590
0.83906 0.49676 14591
0.82155 0.494033 14592
0.829717 0.490149 14593
0.834998 0.488766 14594
0.831659 0.48738 14595
0.832047 0.486714 14596
0.832127 0.486075 14597
0.823733 0.480662 14598
0.812482 0.471601 14599
0.808032 0.466551 14600
0.829353 0.439623 14601
0.837332 0.422712 14602
0.839839 0.413999 14603
0.841049 0.406528 14604
0.840878 0.400502 14605
0.840025 0.396274 14606
0.805057 0.391713 14607
0.80016 0.389546 14608
0.773232 0.391853 14609
0.775953 0.393626 14610
0.77703 0.397613 14611
0.791161 0.406161 14612
0.797685 0.410265 14613
0.802675 0.414701 14614
0.809118 0.418756 14615
0.813824 0.421358 14616
0.813788 0.423666 14617
0.813393 0.426632 14618
0.783459 0.437221 14619
0.78239 0.440981 14620
0.760577 0.445863 14621
0.766795 0.440889 14622
0.774986 0.437661 14623
0.779783 0.437438 14624
0.771881 0.449036 14625
0.761023 0.460254 14626
0.748868 0.48051 14627
0.749398 0.500469 14628
0.74783 0.514859 14629
0.739196 0.566606 14630
0.742326 0.605205 14631
0.750437 0.639595 14632
0.740673 0.67498 14633
0.737387 0.689386 14634
0.730561 0.696513 14635
0.706351 0.683968 14636
0.69549 0.675167 14637
0.693178 0.668005 14638
0.706915 0.636847 14639
0.719475 0.604571 14640
0.765738 0.57462 14641
0.793518 0.547133 14642
0.757917 0.475159 14643
0.748297 0.422055 14644
0.724722 0.370245 14645
0.725475 0.347646 14646
0.722608 0.332686 14647
0.719626 0.321855 14648
0.731055 0.313287 14649
0.760737 0.322635 14650
0.764565 0.325394 14651
0.78704 0.332702 14652
0.813697 0.34396 14653
0.815111 0.346624 14654
0.824078 0.356233 14655
0.830417 0.362592 14656
0.830934 0.367563 14657
0.832283 0.371255 14658
0.799288 0.389832 14659
0.794709 0.394591 14660
0.768872 0.421947 14661
0.756039 0.445939 14662
0.746372 0.464628 14663
0.752536 0.519654 14664
0.766642 0.557881 14665
0.759162 0.581823 14667
0.753793 0.595391 14668
0.748177 0.603286 14669
0.740931 0.60468 14670
0.734089 0.600884 14671
0.688118 0.552064 14672
0.666909 0.528404 14673
0.65837 0.513425 14674
0.677543 0.480823 14675
0.703969 0.455803 14676
0.71629 0.420027 14677
0.720192 0.407436 14678
0.72261 0.398415 14679
0.717816 0.391083 14680
0.718749 0.386968 14681
0.719709 0.38444 14682
0.721993 0.385159 14683
0.723495 0.385594 14684
0.728499 0.391263 14685
0.731925 0.395934 14686
0.736238 0.402353 14687
0.741135 0.408877 14688
0.744337 0.417677 14689
0.747171 0.429801 14690
0.749593 0.438376 14691
0.75162 0.447741 14692
0.750856 0.457212 14693
0.749104 0.470363 14694
0.728519 0.487133 14695
0.751383 0.516082 14696
0.76152 0.52917 14697
0.765058 0.537163 14698
0.768086 0.542721 14699
0.770013 0.54649 14700
0.77107 0.548473 14701
0.766877 0.543115 14702
0.733971 0.504805 14703
0.729313 0.489025 14704
0.727641 0.47862 14705
0.706457 0.443624 14706
0.698772 0.434808 14707
0.694491 0.428351 14708
0.672075 0.416263 14709
0.663091 0.411849 14710
0.657263 0.409882 14711
0.650527 0.4192 14712
0.646958 0.425854 14713
0.646157 0.431075 14714
0.675848 0.443777 14715
0.679618 0.446742 14716
0.683985 0.448916 14717
0.711297 0.453129 14718
0.739775 0.458144 14719
0.760149 0.468422 14720
0.765728 0.474187 14722
0.765785 0.479295 14723
0.756459 0.487925 14724
0.753339 0.491783 14725
0.747266 0.49531 14726
0.729719 0.495862 14727
0.72391 0.49587 14728
0.738906 0.489181 14729
0.745422 0.479855 14730
0.744547 0.462647 14731
0.743664 0.427071 14732
0.727464 0.394146 14733
0.720998 0.380107 14734
0.721863 0.373088 14735
0.767505 0.374307 14736
0.766891 0.374286 14737
0.781373 0.378854 14738
0.770751 0.383623 14739
0.761738 0.387726 14740
0.751761 0.395109 14741
0.758022 0.409207 14742
0.753922 0.418954 14743
0.743384 0.436489 14744
0.739433 0.449319 14745
0.736333 0.477681 14746
0.765885 0.521647 14747
0.785354 0.562271 14748
0.789159 0.587366 14749
0.78947 0.602115 14750
0.785955 0.61177 14751
0.779176 0.618335 14752
0.772549 0.623263 14753
0.767148 0.625595 14754
0.763275 0.626451 14755
0.757889 0.623843 14756
0.756866 0.619787 14757
0.758945 0.612928 14758
0.768084 0.589554 14759
0.779671 0.555729 14760
0.748245 0.484859 14761
0.730734 0.434521 14762
0.725038 0.399549 14763
0.738022 0.363753 14764
0.770985 0.344521 14765
0.739286 0.314904 14766
0.742823 0.301552 14767
0.748401 0.297318 14768
0.755437 0.300352 14769
0.78401 0.329663 14770
0.787614 0.348197 14771
0.814135 0.373408 14772
0.824831 0.391115 14773
0.828222 0.428937 14774
0.793404 0.468358 14776
0.781895 0.525721 14777
0.77554 0.56142 14778
0.772269 0.582787 14779
0.76966 0.595141 14780
0.764575 0.605243 14781
0.755872 0.612354 14782
0.744748 0.61627 14783
0.735469 0.617886 14784
0.682662 0.60443 14785
0.686042 0.59217 14786
0.704184 0.568169 14787
0.733433 0.522207 14788
0.731469 0.466453 14789
0.727145 0.42414 14790
0.724744 0.399783 14791
0.720879 0.371989 14793
0.724822 0.348075 14795
0.727342 0.33759 14796
0.732055 0.337146 14797
0.762418 0.350096 14798
0.774301 0.36453 14799
0.785473 0.398801 14800
0.788069 0.420412 14801
0.805331 0.443885 14802
0.802504 0.456586 14803
0.784178 0.471631 14804
0.778913 0.481717 14805
0.780532 0.509373 14806
0.772524 0.528543 14807
0.775822 0.54437 14808
0.77752 0.552414 14809
0.778757 0.557401 14810
0.779821 0.560533 14811
0.78104 0.561867 14812
0.782565 0.562091 14813
0.784266 0.560703 14814
0.785076 0.556972 14815
0.78515 0.548813 14816
0.757938 0.523627 14817
0.752302 0.496201 14818
0.749196 0.482065 14819
0.744881 0.471402 14820
0.74262 0.463976 14821
0.732959 0.453649 14822
0.728913 0.448762 14823
0.726057 0.445482 14824
0.726606 0.443612 14825
0.727616 0.442778 14826
0.729041 0.442793 14827
0.732027 0.443913 14828
0.734388 0.444684 14829
0.738997 0.446769 14830
0.744117 0.449018 14831
0.761009 0.456477 14832
0.776874 0.462747 14833
0.781268 0.466374 14834
0.78462 0.473844 14835
0.814346 0.505361 14837
0.827182 0.520681 14838
0.833418 0.528438 14839
0.837367 0.533549 14840
0.839477 0.537007 14841
0.839613 0.538542 14842
0.83723 0.536188 14843
0.83633 0.531628 14844
0.835453 0.521167 14845
0.805663 0.48411 14846
0.802313 0.465577 14847
0.792691 0.449503 14848
0.789469 0.429966 14849
0.799688 0.418577 14850
0.80054 0.411933 14851
0.800862 0.407331 14852
0.800781 0.404412 14853
0.800367 0.404138 14854
0.800035 0.406015 14855
0.765969 0.417267 14856
0.753932 0.424883 14857
0.772042 0.438081 14858
0.780152 0.445622 14859
0.784796 0.452039 14860
0.757267 0.489008 14862
0.769107 0.527437 14863
0.781338 0.561602 14864
0.789838 0.58295 14865
0.79457 0.602784 14866
0.796488 0.614962 14867
0.79138 0.629806 14869
0.775846 0.628767 14871
0.771877 0.621195 14872
0.771763 0.603748 14873
0.741091 0.543694 14874
0.725023 0.496311 14875
0.722113 0.446395 14876
0.71231 0.397078 14877
0.74046 0.365794 14878
0.746757 0.347995 14879
0.794892 0.332631 14880
0.812508 0.322181 14881
0.847689 0.318309 14882
0.855626 0.312639 14883
0.856606 0.310463 14884
0.849806 0.313008 14885
0.831998 0.34278 14886
0.793858 0.375241 14887
0.789841 0.40437 14888
0.763273 0.434215 14889
0.758966 0.469139 14890
0.769661 0.525546 14891
0.792622 0.566392 14892
0.785765 0.576225 14893
0.789313 0.592482 14894
0.787008 0.601451 14895
0.777925 0.610617 14896
0.735803 0.613325 14897
0.726917 0.615727 14898
0.72188 0.612758 14899
0.72833 0.592765 14900
0.754516 0.560272 14901
0.747658 0.509464 14902
0.757354 0.460824 14903
0.761649 0.424987 14904
0.756497 0.392256 14905
0.71798 0.369493 14906
0.767048 0.365935 14907
0.785599 0.356677 14908
0.783116 0.357675 14909
0.750684 0.358196 14910
0.754419 0.374561 14911
0.753631 0.380661 14912
0.769093 0.401375 14913
0.778725 0.412979 14914
0.782469 0.418595 14915
0.784585 0.422662 14916
0.791603 0.430181 14917
0.794821 0.438507 14918
0.79687 0.44355 14919
0.798117 0.451465 14920
0.799041 0.458542 14921
0.800036 0.463002 14922
0.80055 0.466271 14923
0.778724 0.470415 14924
0.801645 0.488899 14925
0.802212 0.491885 14927
0.800835 0.490895 14928
0.80366 0.478368 14929
0.779816 0.453274 14930
0.752415 0.428369 14931
0.741099 0.411577 14932
0.734203 0.402909 14933
0.729821 0.39747 14934
0.727659 0.395107 14935
0.729861 0.39693 14936
0.732407 0.400259 14937
0.734921 0.404596 14938
0.739709 0.41015 14939
0.745404 0.41562 14940
0.751102 0.421672 14941
0.755673 0.426842 14942
0.752951 0.429693 14943
0.794599 0.44035 14944
0.79835 0.443919 14945
0.802036 0.447395 14946
0.804379 0.451469 14947
0.805444 0.455665 14948
0.806061 0.459067 14949
0.80705 0.465531 14950
0.807477 0.471429 14951
0.8139 0.48035 14952
0.821535 0.489733 14953
0.817875 0.492094 14954
0.819559 0.493647 14955
0.817281 0.491896 14956
0.817237 0.48941 14957
0.819621 0.482314 14958
0.823404 0.470887 14959
0.814689 0.44372 14960
0.819448 0.42093 14961
0.825242 0.380275 14962
0.827201 0.364514 14963
0.822829 0.355659 14964
0.819596 0.351321 14966
0.803962 0.352718 14967
0.804334 0.358612 14968
0.792031 0.374765 14969
0.783303 0.408143 14970
0.784638 0.444548 14971
0.78434 0.460461 14972
0.796653 0.513896 14973
0.796556 0.560542 14974
0.791636 0.599446 14975
0.787704 0.622621 14976
0.784487 0.637093 14977
0.765781 0.650866 14978
0.757546 0.659382 14979
0.753013 0.665698 14980
0.741145 0.660468 14981
0.751285 0.659389 14982
0.750431 0.648367 14983
0.768369 0.626637 14984
0.785212 0.593434 14985
0.753764 0.532091 14986
0.731894 0.470414 14987
0.726062 0.420422 14988
0.711635 0.370606 14989
0.706766 0.350392 14990
0.73658 0.335969 14991
0.76008 0.313967 14992
0.749426 0.306022 14993
0.73987 0.305338 14994
0.734276 0.308693 14995
0.773524 0.330377 14996
0.760859 0.341561 14997
0.776657 0.34901 14998
0.770274 0.370173 14999
0.803008 0.420673 15000
0.776566 0.445507 15001
0.757503 0.460481 15002
0.78546 0.505549 15003
0.771137 0.546533 15004
0.754297 0.545883 15005
0.754436 0.563831 15006
0.750199 0.567003 15007
0.750737 0.576926 15008
0.750862 0.583342 15009
0.750638 0.587693 15010
0.750645 0.590607 15011
0.751553 0.590088 15012
0.757392 0.57534 15013
0.755275 0.544936 15014
0.752374 0.490106 15015
0.752002 0.408884 15017
0.759988 0.353543 15018
0.767326 0.336123 15019
0.768585 0.31736 15020
0.771572 0.312103 15021
0.786534 0.324679 15022
0.796566 0.345847 15023
0.817352 0.383229 15024
0.826657 0.408352 15025
0.830252 0.428635 15026
0.831957 0.445467 15027
0.831277 0.456791 15028
0.829967 0.464627 15029
0.826987 0.487538 15030
0.81671 0.509273 15031
0.812323 0.521008 15032
0.810013 0.527849 15033
0.809613 0.533518 15034
0.8065 0.537194 15035
0.803588 0.540384 15036
0.802197 0.542415 15037
0.801279 0.543849 15038
0.803613 0.542482 15039
0.815052 0.53546 15040
0.821335 0.527718 15041
0.809409 0.504515 15042
0.790025 0.471453 15043
0.782615 0.456962 15044
0.776059 0.443344 15045
0.762619 0.431395 15046
0.755997 0.425188 15047
0.752168 0.420851 15048
0.750475 0.419349 15049
0.74878 0.418795 15050
0.74874 0.419677 15051
0.749736 0.43079 15052
0.753415 0.4373 15053
0.756517 0.441971 15054
0.757064 0.443825 15055
0.794059 0.452486 15056
0.81185 0.457195 15057
0.820831 0.460704 15058
0.827069 0.463506 15059
0.833309 0.470657 15060
0.837065 0.475995 15061
0.843335 0.490477 15062
0.844933 0.499223 15063
0.845508 0.505008 15064
0.846084 0.508147 15065
0.845327 0.510408 15066
0.765744 0.48499 15067
0.77999 0.478615 15068
0.786133 0.472537 15069
0.792018 0.466501 15070
0.805327 0.458672 15071
0.822708 0.435421 15072
0.818134 0.409977 15073
0.80462 0.390745 15074
0.800872 0.381889 15075
0.794917 0.376151 15076
0.791165 0.37403 15077
0.796951 0.374782 15078
0.801127 0.385093 15079
0.792203 0.39518 15080
0.792584 0.403316 15082
0.793337 0.407 15083
0.793608 0.403916 15084
0.765716 0.370686 15085
0.703803 0.300614 15087
0.645564 0.246276 15088
0.602008 0.21209 15089
0.590714 0.208837 15090
0.57835 0.221941 15091
0.573928 0.244043 15092
0.58086 0.297417 15093
0.601995 0.361266 15094
0.619893 0.417201 15095
0.632752 0.456003 15096
0.64736 0.483907 15097
0.665273 0.508206 15098
0.669926 0.563363 15099
0.692821 0.542236 15100
0.7053 0.564637 15101
0.733684 0.574155 15102
0.759285 0.581234 15103
0.788869 0.578302 15104
0.847543 0.526835 15105
0.883099 0.498862 15106
0.91748 0.46246 15107
0.951311 0.436281 15108
0.980396 0.418441 15109
1.0077 0.423914 15110
1.05376 0.433668 15111
1.1046 0.444545 15112
1.16998 0.491948 15114
