0.730161 0.700336 14316
0.736962 0.682230 14317
0.743722 0.663770 14318
0.750421 0.645057 14319
0.757038 0.626192 14320
0.763552 0.607278 14321
0.769943 0.588415 14322
0.776189 0.569705 14323
0.782271 0.551249 14324
0.788168 0.533149 14325
0.793859 0.515507 14326
0.799324 0.498423 14327
0.804542 0.481999 14328
0.809492 0.466337 14329
0.814153 0.451538 14330
0.818506 0.437704 14331
0.822529 0.424935 14332
0.826202 0.413334 14333
0.829504 0.403001 14334
0.832414 0.394039 14335
0.834913 0.386549 14336
0.837699 0.382758 14337
0.839786 0.381378 14338
0.841151 0.382436 14339
0.841766 0.386033 14340
0.841621 0.392280 14341
0.840509 0.401008 14342
0.837551 0.412220 14343
0.833105 0.426242 14344
0.828249 0.442248 14346
0.823620 0.460273 14347
0.819210 0.478107 14348
0.814755 0.495601 14349
0.809459 0.511373 14351
0.803741 0.524794 14352
0.796798 0.535890 14353
0.790170 0.544701 14354
0.784123 0.551202 14355
0.778834 0.555236 14356
0.775428 0.557095 14357
0.773454 0.556844 14358
0.772080 0.554806 14359
0.770588 0.551375 14360
0.770343 0.546222 14361
0.770547 0.539693 14362
0.770994 0.531828 14363
0.771239 0.522648 14364
0.771214 0.512228 14365
0.771212 0.500616 14366
0.772640 0.488075 14367
0.774602 0.474389 14368
0.776639 0.460085 14369
0.778768 0.445379 14370
0.781824 0.431180 14371
0.784228 0.418308 14372
0.786511 0.407960 14373
0.789422 0.400239 14374
0.792631 0.394604 14375
0.796108 0.391049 14376
0.799621 0.389967 14377
0.802927 0.391464 14378
0.806098 0.395045 14379
0.809128 0.400321 14380
0.811777 0.407109 14381
0.813955 0.415308 14382
0.815537 0.424862 14383
0.816418 0.435689 14384
0.816467 0.447365 14385
0.816920 0.459582 14386
0.817466 0.470650 14387
0.817482 0.480555 14388
0.816437 0.488365 14389
0.814578 0.494888 14390
0.811938 0.500120 14391
0.809029 0.503201 14392
0.806059 0.504666 14393
0.804322 0.504598 14394
0.802692 0.503222 14395
0.801071 0.500770 14396
0.799346 0.497505 14398
0.797436 0.493329 14399
0.794327 0.488407 14400
0.790792 0.482930 14401
0.786327 0.476627 14402
0.781468 0.470391 14403
0.776499 0.463814 14404
0.772011 0.457143 14405
0.767778 0.450214 14406
0.763055 0.442548 14407
0.758290 0.434529 14408
0.753925 0.426724 14409
0.750177 0.419715 14411
0.747436 0.413804 14412
0.745458 0.409301 14413
0.744347 0.406221 14414
0.744245 0.404823 14416
0.744853 0.405188 14417
0.746533 0.407364 14418
0.749137 0.411169 14419
0.753098 0.417012 14420
0.757194 0.423792 14421
0.761865 0.431886 14422
0.766851 0.440171 14423
0.771888 0.448641 14424
0.777368 0.457032 14425
0.782769 0.465130 14426
0.788117 0.472465 14427
0.793277 0.478478 14428
0.797982 0.483113 14429
0.802267 0.486274 14430
0.806405 0.488143 14432
0.810424 0.488833 14433
0.814312 0.488445 14434
0.818994 0.486838 14435
0.823474 0.484277 14436
0.826962 0.480972 14437
0.829746 0.476982 14438
0.831944 0.472274 14439
0.833614 0.467006 14440
0.834569 0.461232 14441
0.834833 0.454998 14442
0.834218 0.448413 14443
0.834209 0.441516 14444
0.833819 0.434284 14445
0.833334 0.426865 14446
0.832276 0.419422 14447
0.830138 0.411789 14448
0.826401 0.403855 14449
0.823022 0.396250 14450
0.820210 0.389960 14451
0.817873 0.385236 14452
0.816079 0.381748 14453
0.814514 0.379783 14454
0.813521 0.378126 14455
0.811822 0.377071 14456
0.809769 0.377093 14457
0.807696 0.378992 14458
0.806028 0.383065 14459
0.804556 0.389326 14460
0.803106 0.398006 14461
0.800974 0.408541 14462
0.798919 0.421939 14463
0.795861 0.436354 14464
0.790896 0.451761 14465
0.784819 0.467802 14466
0.778093 0.484740 14467
0.773136 0.502880 14469
0.768703 0.521176 14470
0.765322 0.539163 14471
0.762774 0.556044 14472
0.760912 0.571214 14473
0.759334 0.584398 14474
0.758366 0.595327 14475
0.757890 0.603799 14476
0.756693 0.609867 14477
0.755524 0.613405 14478
0.754845 0.614453 14479
0.754370 0.613238 14480
0.753718 0.609543 14481
0.752505 0.603176 14482
0.751570 0.594045 14483
0.751205 0.583095 14484
0.751943 0.570302 14485
0.753081 0.556404 14486
0.753979 0.540094 14487
0.755167 0.522488 14488
0.757257 0.504529 14489
0.761325 0.487096 14490
0.767540 0.470845 14491
0.774819 0.455868 14492
0.782252 0.441856 14493
0.789555 0.428815 14494
0.796240 0.417154 14495
0.802497 0.406787 14496
0.807543 0.399234 14497
0.812179 0.395295 14498
0.816329 0.395025 14499
0.819711 0.397932 14500
0.821971 0.403918 14501
0.823192 0.413850 14502
0.822902 0.427197 14504
0.821073 0.442977 14505
0.817815 0.459234 14506
0.813174 0.475673 14507
0.810573 0.492273 14508
0.809090 0.508417 14509
0.808244 0.522966 14510
0.806506 0.534381 14511
0.803599 0.542490 14512
0.799902 0.547517 14513
0.795823 0.550018 14514
0.791382 0.550350 14515
0.786842 0.548554 14516
0.781980 0.544752 14517
0.777037 0.539062 14518
0.772152 0.531702 14519
0.767017 0.522682 14520
0.762073 0.512157 14521
0.756982 0.499973 14522
0.752560 0.486973 14523
0.749641 0.473702 14524
0.747613 0.460243 14525
0.746449 0.446799 14526
0.746517 0.433758 14527
0.747429 0.421309 14528
0.750227 0.411602 14529
0.754532 0.404488 14530
0.759679 0.399619 14531
0.764723 0.396807 14533
0.769924 0.395949 14534
0.773927 0.396802 14535
0.777579 0.399550 14536
0.780937 0.404211 14537
0.784700 0.411152 14538
0.787970 0.419832 14539
0.790982 0.430378 14540
0.793751 0.442494 14541
0.796128 0.455470 14542
0.798035 0.469047 14543
0.799682 0.482813 14544
0.800931 0.495252 14545
0.802289 0.505765 14546
0.803424 0.514393 14547
0.804010 0.521445 14548
0.804958 0.526728 14549
0.804297 0.530126 14550
0.802758 0.531877 14551
0.800520 0.532142 14552
0.797016 0.531315 14553
0.793547 0.529997 14554
0.789229 0.527973 14555
0.783778 0.525276 14556
0.777777 0.521821 14557
0.770979 0.517808 14558
0.763787 0.513091 14559
0.755249 0.507907 14560
0.746118 0.502248 14561
0.736669 0.495837 14562
0.727323 0.489099 14563
0.718776 0.482192 14564
0.711224 0.475067 14565
0.705255 0.467733 14566
0.700778 0.461300 14567
0.697706 0.455430 14568
0.695506 0.450580 14569
0.694406 0.446625 14570
0.695012 0.443747 14571
0.696367 0.441944 14572
0.698627 0.441060 14573
0.702088 0.441064 14575
0.706567 0.441901 14576
0.712063 0.443564 14577
0.718833 0.446189 14578
0.726900 0.449822 14579
0.735107 0.453646 14580
0.742985 0.458540 14581
0.750798 0.463625 14582
0.758992 0.467956 14583
0.767448 0.471705 14584
0.776198 0.474864 14585
0.785146 0.477382 14586
0.794847 0.479195 14587
0.803703 0.480300 14588
0.812558 0.480623 14589
0.820196 0.480247 14590
0.826663 0.479133 14591
0.831473 0.477232 14592
0.834987 0.474767 14593
0.837244 0.471851 14594
0.838204 0.468552 14595
0.837972 0.464971 14596
0.836731 0.461151 14597
0.835055 0.457078 14598
0.833442 0.452607 14599
0.831099 0.447894 14600
0.828510 0.443138 14601
0.825851 0.438500 14602
0.822852 0.433887 14603
0.820289 0.429629 14604
0.817977 0.425204 14605
0.816225 0.420873 14606
0.814870 0.416448 14607
0.812799 0.412291 14608
0.810504 0.408631 14609
0.808529 0.404580 14610
0.806342 0.400897 14611
0.803816 0.397995 14612
0.800839 0.395897 14613
0.798051 0.395446 14614
0.795533 0.396987 14615
0.793522 0.401118 14616
0.791549 0.407536 14617
0.789291 0.416024 14618
0.785919 0.427010 14619
0.781453 0.439985 14620
0.775136 0.454611 14621
0.769021 0.469546 14622
0.765063 0.486108 14623
0.761982 0.503206 14624
0.760153 0.520295 14625
0.758583 0.535975 14626
0.757416 0.549840 14627
0.755265 0.561599 14628
0.752605 0.571170 14629
0.748024 0.578097 14630
0.743611 0.582704 14631
0.738760 0.585007 14632
0.734081 0.585194 14633
0.730430 0.583566 14634
0.727564 0.579998 14635
0.725742 0.574733 14636
0.725187 0.567872 14637
0.725716 0.559535 14638
0.728427 0.549346 14639
0.730889 0.538274 14640
0.734669 0.525463 14641
0.738254 0.511355 14642
0.742392 0.495971 14643
0.746629 0.478323 14644
0.750708 0.459504 14645
0.754977 0.440752 14646
0.759113 0.422647 14647
0.762930 0.405907 14648
0.766844 0.390929 14649
0.770700 0.377796 14650
0.775401 0.369564 14651
0.780168 0.364907 14652
0.784666 0.363540 14653
0.787298 0.366302 14654
0.788210 0.372191 14655
0.789560 0.383676 14656
0.790307 0.396368 14657
0.790408 0.409991 14658
0.789817 0.424271 14659
0.788491 0.438933 14660
0.786385 0.453702 14661
0.783454 0.468305 14662
0.779653 0.482465 14663
0.774940 0.495910 14664
0.769268 0.508363 14665
0.762595 0.519550 14667
0.754874 0.529197 14668
0.746062 0.537030 14669
0.736114 0.542772 14670
0.724987 0.546150 14671
0.712635 0.546889 14672
0.699013 0.544715 14673
0.684079 0.539352 14674
0.667786 0.530526 14675
0.650091 0.517963 14676
